2 0.7328288074625965 0.28207825554741756 0.1279239846012307 0.2406068801879883
2 0.09913130947982023 0.7167901780870226 0.11552041543496622 0.23628985087076823
2 0.2572071443653475 0.7056577046712239 0.12316961693487573 0.24979498121473526
2 0.5741752005912162 0.28976431952582465 0.11755818842000483 0.2281709459092882
2 0.41549171241554056 0.6966084798177083 0.12659431369148166 0.26890970865885416
2 0.5751991301429779 0.7111185709635417 0.1282962754886583 0.23591554429796008
2 0.4168416026936535 0.28841510348849825 0.1158267930667833 0.22814398871527777
2 0.7334928888151544 0.7034338633219401 0.13448660714285715 0.2592604743109809
2 0.2584765577868605 0.2898397233751085 0.1082107602859556 0.22573394775390626
2 0.10130701249170487 0.29306939442952473 0.09134860241275036 0.22393794589572483
2 0.8919607037282818 0.26346929338243275 0.1297976932010135 0.27729784647623695
5 0.8916288987089769 0.6740923563639323 0.1320396393882722 0.3190668741861979
2 0.8918966050313707 0.674645741780599 0.13224456669280887 0.3183161841498481
