0 0.24588240559895833 0.8952465209960937 0.04895086669921875 0.182050048828125
0 0.58127294921875 0.8885941162109375 0.0491153564453125 0.20472589111328124
0 0.2949701334635417 0.7602900390625 0.04475335693359375 0.15787640380859375
0 0.4616517333984375 0.956493896484375 0.06511555989583333 0.08390350341796875
0 0.5249812418619791 0.90315625 0.044158935546875 0.179478515625
0 0.6837412923177083 0.630474609375 0.032310017903645835 0.13465576171875
0 0.38725398763020835 0.7386737670898438 0.035117919921875 0.1448223876953125
0 0.13580987548828125 0.7686403198242188 0.03687171427408854 0.15716943359375
0 0.19348337809244792 0.9108115844726562 0.040580037434895834 0.163354248046875
0 0.35303877766927083 0.6962501220703124 0.03182688395182292 0.13293902587890624
0 0.6220353190104166 0.7054161376953125 0.0213270263671875 0.09352313232421874
26 0.21013289388020834 0.966535888671875 0.024871439615885418 0.06249359130859375
0 0.6402679850260417 0.620005859375 0.0294869384765625 0.11094134521484375
58 0.746224609375 0.6185693359375 0.09141886393229166 0.10883990478515625
13 0.9229486490885417 0.947315185546875 0.04848860677083333 0.09910784912109374
0 0.3177079264322917 0.7065765380859375 0.02891168212890625 0.12925384521484376
0 0.03350964864095052 0.7976746826171875 0.04358021036783854 0.12039068603515625
26 0.533783447265625 0.8861124267578125 0.021603556315104168 0.045427001953125
13 0.5330668131510417 0.7839498291015625 0.06614725748697917 0.04743804931640625
0 0.0842588602701823 0.9064949951171875 0.06605206807454427 0.0751156005859375
0 0.07627207946777344 0.7811867065429687 0.04681055704752604 0.1461253662109375
0 0.35962967936197915 0.602911865234375 0.0245322265625 0.10659967041015625
0 0.486732666015625 0.7564111328125 0.04136865234375 0.12267437744140625
0 0.4112378743489583 0.5760843505859375 0.018345662434895833 0.09585540771484374
26 0.23276725260416667 0.92845068359375 0.024234761555989585 0.06160296630859375
60 0.9650050455729167 0.915386474609375 0.06894832356770833 0.05176849365234375
60 0.964767578125 0.9395380249023437 0.06909903971354167 0.1000882568359375
0 0.6017705891927083 0.535201904296875 0.028565022786458335 0.04776275634765625
0 0.9779744466145833 0.8133817749023438 0.04336629231770833 0.11462646484375
0 0.5600569661458333 0.747533203125 0.06411055501302083 0.1230677490234375
58 0.705391357421875 0.5235635375976563 0.031752766927083335 0.0392279052734375
