0 0.8912739054361979 0.6945542144775391 0.21660863240559897 0.5968925857543945
0 0.6658936055501302 0.7363261413574219 0.18166595458984375 0.5113792800903321
0 0.07989005406697591 0.6369914245605469 0.1592758560180664 0.7055369567871094
0 0.3604813385009766 0.7686588287353515 0.2277239481608073 0.4480813217163086
0 0.13848654429117838 0.5014415740966797 0.16356035868326824 0.6097476196289062
0 0.5330887858072917 0.3951288604736328 0.15067764282226562 0.530919189453125
0 0.41375719706217445 0.39157302856445314 0.18331334431966145 0.45290451049804686
0 0.31823585510253904 0.40044441223144533 0.10705678304036459 0.5045561218261718
0 0.24510487874348957 0.5000536346435547 0.13198182423909505 0.5748587036132813
0 0.7260169474283854 0.3359569549560547 0.12751322428385417 0.33846885681152344
0 0.8844644165039063 0.39245689392089844 0.14567626953125 0.2904868698120117
0 0.83821044921875 0.310591926574707 0.13439473470052082 0.42412773132324216
0 0.9591263834635416 0.26827274322509764 0.08089202880859375 0.24531494140625
26 0.12673243204752604 0.6777144622802734 0.08922478993733723 0.17388378143310546
0 0.7510454813639323 0.5532719039916992 0.12945119222005208 0.42203880310058595
45 0.5989852905273437 0.7729983520507813 0.03593205769856771 0.05530128479003906
41 0.5991360473632813 0.7726732635498047 0.03587320963541667 0.055186309814453126
41 0.6228036499023437 0.4802973556518555 0.02509877522786458 0.0458746337890625
0 0.9857781982421875 0.35832244873046876 0.02774505615234375 0.10520366668701171
0 0.7820820109049479 0.09974926948547364 0.08688939412434896 0.19949853897094727
